577587	61147436
61577588	61147436
61577595	61147436
61577601	61147436
61577610	61147436
61577611	61147436
61577614	61147436
61577616	61147436
61577617	61147436
61577618	61147436
61577625	61147436
61577640	61147436
61577648	61147436
61577649	61147436
61577656	61147436
61577666	61147436
61577683	61147436
61577684	61147436
61577693	61147436
61577697	60246206
61577697	61147436
61577714	61147436
61577737	61147436
61577741	61147436
61577743	61147436
61577744	61147436
61577757	61147436
61577762	61147436
61577764	61147436
61577782	61147436
61577791	61147436
61577792	61147436
61577793	61147436
61577810	61147436
61577840	61147436
61577915	61147436
61577916	61147436
61577925	61147436
61577929	61147436
61577930	61147436
61577952	61147436
61577954	61147436
61577959	61147436
61577965	61147436
61577970	61147436
61577987	61147436
61578005	61147436
61578010	61147436
61578037	61147436
61578040	61147436
61578044	61147436
61578087	61147436
61578108	61147436
61578118	61147436
61578128	61147436
61578170	61147436
61578414	61571959
12	21840485
12	21840541
12	21840669
12	21840680
12	21840685
12	21840725
12	21840732
12	21840772
12	21840823
12	21840842
12	21840893
12	21840897
12	21840926
12	21840938
